0.13451 -0.569159 0.351504 
0.0201549 0.200585 0.184539 
-0.197906 -0.148702 -0.0326026 
0.0678394 0.00618005 -0.870338 
0.138697 -0.110367 0.0116459 
0.0717774 -0.0460338 0.285141 
0.0763013 0.132188 0.229956 
0.0109804 -0.179634 0.153565 
-0.0425612 0.165314 0.0994214 
0.204144 0.273906 0.262614 
0.0433678 -0.0217692 -0.413834 
0.0118985 -0.120386 -0.208628 
-0.0458006 -1.02868 -0.0116595 
0.000601487 0.00194601 -0.587094 
-0.0777558 -0.198231 -0.0691681 
-0.00594289 -0.163614 -0.143626 
-0.64493 -0.115615 0.256221 
-0.107342 -0.394566 -0.163176 
0.0564718 0.144159 0.0261019 
0.110388 -0.245576 -0.0613462 
-0.0349662 0.125883 -0.00576851 
-0.75049 0.0560836 -0.0682448 
0.0499575 -0.176916 -0.0142851 
0.00350487 -0.709661 -0.96635 
-0.205222 0.225418 0.0253306 
-0.0219637 0.135702 1.52812 
-0.219463 -0.0652698 0.035421 
-0.133645 -0.110284 -0.0712262 
0.0262474 -0.0668913 0.0753732 
-0.174309 -0.178625 -0.0619843 
0.0322357 0.181192 -0.159797 
0.0798145 0.117412 0.111947 
-0.0741236 -0.210259 -0.0432478 
-0.176887 0.0750411 0.0185943 
-0.0158564 0.0291495 -2.74699 
0.2359 0.148383 0.111474 
-0.11346 -0.132039 -0.11729 
0.0795915 -0.0177381 0.000919702 
0.126585 0.0263487 0.20094 
0.0926073 0.0584522 0.0927511 
-0.849151 -0.0114075 -0.0050835 
-0.179987 -0.243386 0.103487 
0.01696 -0.0325315 0.0130755 
0.000104779 -0.0834178 0.0232628 
0.196437 0.11566 -0.307469 
0.0697648 0.0860569 -0.353151 
-0.0120655 0.0596788 -0.00343258 
0.258396 0.305245 -0.0425849 
0.0631657 0.00649448 -0.0830983 
-0.0127468 -0.242443 -0.274539 
0.0721656 0.0393071 0.0888364 
0.324865 0.0476927 -0.0522854 
-0.409489 -0.449674 -0.441518 
0.0121246 -0.22413 0.0177326 
-0.189225 -0.159208 -0.000503626 
0.18037 0.240106 0.195225 
0.0589184 0.122541 0.0246138 
0.0513986 0.00762056 0.033181 
-0.220683 -1.3828 -0.45743 
-0.151367 -0.239677 -0.108927 
-0.171633 -0.227703 -0.0402324 
-0.101527 -0.262997 -0.079965 
-0.0774914 -0.169805 -0.0194416 
-0.0157008 0.134347 0.0930036 
0.0663781 -0.331854 0.0633951 
-0.152324 -0.125346 -0.146796 
-0.0167696 -0.221254 0.0131992 
0.267216 0.110819 -0.0403484 
-0.0660492 -1.23285 0.0706335 
0.110488 0.119596 0.121106 
0.137612 0.0878959 0.362096 
-0.181307 0.197684 -0.0781973 
-0.177161 -0.06485 -0.0423183 
-0.0188628 0.28902 1.89656 
-0.416966 -0.528124 -0.381975 
-0.117088 -2.36191 1.41293 
0.813206 0.0339897 -0.0133781 
0.0549849 -0.0688507 -0.0544327 
0.0497227 0.0776606 -0.180361 
0.126455 -0.438267 -0.340518 
-0.136216 0.038872 0.234376 
0.171069 0.114337 -0.420388 
-0.279718 0.301452 0.110744 
0.0313639 0.134208 -0.0453239 
-0.0864771 0.297055 0.0731273 
0.00417143 0.046694 0.247248 
0.156141 0.00285295 -0.000438619 
0.140519 0.0392345 0.0389379 
-0.099661 -0.271541 -0.108848 
-0.062294 0.152689 -0.0530409 
0.0472281 0.146657 -0.0531224 
-0.446013 -0.0916851 0.0278857 
-0.097612 -0.279235 -0.143426 
-0.459111 0.147341 -0.0205116 
-0.131989 -0.117138 -0.152495 
0.222507 0.335647 0.277417 
0.00850522 0.0449905 0.165199 
-0.0247951 -0.0317129 -0.292942 
0.194094 0.180218 -0.0852965 
-0.0647847 -0.144104 -0.127107 
0.0738837 0.112473 0.07174 
-0.367077 0.227924 0.12126 
-0.0329736 0.122281 -0.865665 
-0.0609393 0.0410505 -0.176423 
0.00400428 -0.0610372 -0.169676 
0.123928 0.101896 -0.468686 
0.00918688 -0.914898 0.115222 
-0.136199 -0.115174 -0.0381044 
-0.294865 -0.0124784 -0.0607861 
-0.151555 -0.0192334 -0.195898 
-0.418095 0.0428553 0.179527 
-0.137856 -0.226455 -0.126301 
0.0961957 0.150573 0.0759433 
0.0763038 0.275358 -0.611571 
0.00354771 -0.263579 -0.298233 
-0.152535 0.210682 0.287449 
-0.000364255 -0.0807961 0.0380589 
-0.176321 0.142219 0.172832 
0.0882867 0.077368 0.0665788 
0.0382662 -0.620119 0.0676279 
-0.371317 -0.0319607 -0.00700291 
0.256094 0.127898 -0.0242594 
-0.443974 -0.214357 -0.130912 
-0.0135331 -0.0608237 -0.877125 
0.281003 0.156627 0.284777 
0.0338393 -0.13449 -0.0944404 
0.106451 0.0865012 0.0994353 
0.276355 0.0731625 0.0922406 
0.310906 1.02077 0.507191 
