0.9 0.999 0 0 3815504
8.7926e-05 0.0125789 9.92206e-08 
0.818191 0.121536 0.014392 
0.413658 0.0423931 -0.03016 
-0.0886251 0.261416 0.0415683 
1.15986 0.221033 -0.35516 
2.47033e-323 -2.47033e-323 2.47033e-323 
0.367408 0.611692 0.229236 
-2.47033e-323 2.47033e-323 2.47033e-323 
-0.0106815 -0.0400162 -0.0166168 
-0.0715977 0.156738 -0.0453566 
-0.186949 -0.00170907 0.461162 
0.0504096 0.0637918 -0.183136 
-1.00534 -0.310989 1.51616 
-1.17429 0.162113 0.75405 
-0.0542769 -0.0141704 0.221631 
-0.171335 0.0100678 0.277312 
-0.202324 -0.026667 0.00949831 
0.0136817 -0.610335 0.0396614 
0.020992 0.059902 -0.55485 
-0.181994 0.0607303 -0.301318 
3.1821e-13 -0.0336309 -8.63673e-05 
-0.527254 2.2413 0.930792 
0.632319 0.0185887 -0.00835865 
-0.027929 2.93057e-08 0.0045343 
-0.297593 0.219015 -0.171312 
2.47033e-323 -2.47033e-323 2.47033e-323 
-2.47033e-323 -2.47033e-323 2.47033e-323 
0.00718035 0.137842 -0.147427 
2.47033e-323 2.47033e-323 2.47033e-323 
-0.493325 -0.516319 -0.14013 
0.48932 0.000280239 -0.112831 
-0.247025 0.0859476 0.215854 
0.121532 0.0147749 -0.0183755 
3.42946e-08 -0.0161316 0.00254105 
-0.830392 0.690817 0.0192538 
-0.0257908 -0.0159546 0.0639395 
0.0498954 0.000453873 -0.1794 
2.47033e-323 2.47033e-323 -2.47033e-323 
-0.264078 0.482517 -0.497629 
-0.265039 0.619758 -0.544691 
-0.438368 0.879252 0.442527 
-0.586935 -0.0395126 -0.0797687 
2.47033e-323 -2.47033e-323 2.47033e-323 
-2.47033e-323 -2.47033e-323 2.47033e-323 
0.873201 0.112486 0.0898193 
0.13371 -0.0845906 -0.014108 
2.47033e-323 2.47033e-323 -2.47033e-323 
0.0910203 0.0737055 0.00266825 
2.47033e-323 2.47033e-323 -2.47033e-323 
-0.191577 -0.0920978 0.0270545 
-0.261981 -0.128528 -0.334832 
0.0685715 -0.0352776 -0.711285 
-1.2202 10.9734 2.66034 
0.00230403 0.0283315 -0.000887428 
0.0338862 -0.105893 -0.0179021 
1.1783 0.395581 -1.00367 
-0.411891 -0.0305662 -0.0718182 
2.47033e-323 2.47033e-323 2.47033e-323 
-0.515133 0.359993 -0.0139337 
0.034746 0.109441 0.0499269 
-0.105252 -0.027609 -0.904062 
-1.92912e-14 -8.98761e-05 -0.0016202 
-0.131951 0.0221041 -5.1324e-06 
-0.0496551 0.3085 -0.176089 
-0.382239 -0.388727 -0.217647 
0.0397221 0.0132385 -0.00570217 
-0.677726 1.09019 0.00223985 
-0.366532 -0.00010141 -0.0695825 
0.000127419 4.79207e-11 1.36909e-18 
0.416952 0.541351 -1.58628 
2.47033e-323 2.47033e-323 2.47033e-323 
0.616685 0.507641 -0.040031 
-0.094518 -0.0173833 -0.0211875 
0.000730577 -0.00313972 2.47033e-323 
-0.0302467 -0.0682881 0.00351567 
-0.0121428 0.0312132 0.0476382 
-0.427552 0.187919 0.0655842 
2.47033e-323 -2.47033e-323 2.47033e-323 
-0.433498 -0.0962687 0.0399318 
-0.000412028 0.00116874 -1.96611e-49 
-0.101146 -0.0308342 -0.530174 
-0.463024 0.0101271 -0.0537708 
-0.0908892 0.17852 -0.822585 
2.47033e-323 2.47033e-323 -2.47033e-323 
0.333 0.496971 -3.76518e-05 
0.787006 2.04424 -0.171699 
0.366393 0.133323 -0.506243 
0.234253 -0.0635245 -0.150867 
0.246362 0.0859528 -0.00651545 
0.745339 0.187844 0.03925 
-0.04234 0.544395 -0.00888615 
-0.184793 1.42058 0.426703 
-0.217432 -0.186409 -0.355827 
9.39083e-06 0.0695697 -0.0196724 
0.0315869 0.0601514 -0.278829 
-0.137039 0.207334 0.0608745 
0.0442438 0.752059 -0.32082 
-0.00974503 0.137359 0.0490333 
2.47033e-323 2.47033e-323 -2.47033e-323 
-0.656696 0.272405 -0.33479 
-0.0639604 0.409329 -0.213986 
-0.0657885 2.50262e-128 -0.0124408 
-0.561763 0.0152228 -0.00104769 
-0.325015 0.275361 -0.011623 
-2.47033e-323 -2.47033e-323 -2.47033e-323 
-0.524646 -0.143544 0.101959 
-0.151297 8.76405e-06 0.000427022 
0.0624521 0.480064 -0.0303072 
-0.284656 0.319061 0.140995 
-0.331639 0.0365273 -0.0781677 
0.0510686 -0.0269685 0.0470402 
-0.0884244 0.0950444 -0.457822 
-0.00705195 0.107179 0.0406482 
0.0440773 0.0152464 -0.0744482 
-0.0526921 -0.00324194 -0.00238052 
-0.021444 0.0134549 0.0437939 
-2.47033e-323 -2.47033e-323 2.47033e-323 
-0.0129121 0.519648 0.0268721 
0.327295 0.246993 -0.867189 
-0.0831726 -0.378161 0.00730152 
-0.449531 2.97645 0.80825 
0.926523 0.81081 0.080472 
8.56837e-05 -6.08504e-33 1.91466e-13 
-0.0961554 0.572401 -0.0931699 
0.00292756 0.707035 -1.43966 
0.00629548 0.153573 0.151517 
-0.255343 0.382947 -0.573839 
-0.0249284 0.00487145 -0.0741613 
0.0112571 0.970601 0.0072451 
0.875588 1.35116 0.643976 
1.60243 0.398569 0.355181 
7.78711 2.88307 0.192871 
8.50452 5.71343 4.25578 
2.46539e-321 2.46539e-321 2.46539e-321 
1.88401 5.64496 8.68726 
2.46539e-321 2.46539e-321 2.46539e-321 
0.0834124 0.635889 0.106109 
1.16456 2.25045 0.610932 
8.96748 0.392112 6.92848 
3.25805 0.824366 0.671268 
158.752 2.06631 107.03 
135.61 91.9534 18.3456 
3.34471 0.189976 1.88937 
0.0679224 0.121834 1.09829 
0.425121 0.129552 1.56945 
7.20695 11.9262 9.18463 
7.17493 5.64678 5.699 
2.19015 3.27946 2.16378 
0.129913 2.68451 0.00931108 
5.79272 63.913 15.4842 
0.360422 0.839926 0.669456 
0.0245508 0.00016756 0.0258313 
1.17146 6.13677 8.02599 
1.79524e-72 1.8549e-88 2.46539e-321 
2.46539e-321 2.46539e-321 2.46539e-321 
1.44356 2.40919 2.05154 
2.46539e-321 2.46539e-321 2.46539e-321 
2.38394 1.79478 2.56986 
2.05812 4.22601 0.544554 
0.713761 2.41732 5.57509 
14.7411 2.98773 7.4137 
0.0133045 0.374292 0.0203062 
23.4512 54.8692 0.0367968 
0.0499315 1.35647 4.33902 
0.295053 0.158703 0.646045 
2.46539e-321 2.46539e-321 2.46539e-321 
3.11258 6.45426 5.69269 
12.7291 17.3863 18.2062 
7.64132 38.9447 13.7676 
3.04995 1.30291 9.10498 
2.46539e-321 2.46539e-321 2.46539e-321 
2.46539e-321 2.46539e-321 2.46539e-321 
3.78526 1.86946 0.19318 
2.0814 0.173716 1.29547 
2.46539e-321 2.46539e-321 2.46539e-321 
6.25977 0.834132 0.0705687 
2.46539e-321 4.87841e-77 9.08726e-81 
1.23451 0.850503 0.45617 
3.77981 4.47843 3.82634 
33.6995 20.773 19.9375 
371.845 554.057 250.49 
1.20773 2.22641 0.499061 
8.07364 1.13703 4.78677 
22.2628 23.1517 29.1269 
5.9607 3.53708 1.54387 
2.46539e-321 2.46539e-321 2.46539e-321 
3.33787 5.06141 2.72909 
0.42064 1.02428 0.725634 
1.43218 7.03778 3.8555 
0.151363 0.0805788 0.178552 
0.269278 0.200133 0.00995562 
2.88064 5.64247 10.1207 
2.5139 1.72297 9.31487 
0.156165 0.0424718 0.137897 
6.32418 44.177 0.381751 
5.08856 0.217255 1.57532 
0.867228 0.319343 0.269402 
19.1282 24.5724 27.688 
2.46539e-321 2.46539e-321 2.46539e-321 
1.25862 5.83735 2.63816 
0.267208 0.327352 0.293921 
0.0712867 0.216564 3.38659e-127 
0.0770507 0.824675 0.132388 
0.154324 0.0278682 0.106175 
2.01245 3.32443 0.828004 
2.46539e-321 2.46539e-321 2.46539e-321 
3.91988 5.06079 1.42833 
0.00876238 0.0180348 0.000946994 
1.94963 4.73242 7.63902 
2.97624 0.728964 1.29643 
1.72543 13.0366 5.29361 
2.46539e-321 2.46539e-321 2.46539e-321 
1.00023 7.25947 0.398634 
12.9017 16.8643 28.4483 
10.7631 5.37772 4.43616 
10.7679 7.65676 4.99708 
1.88537 2.68263 1.71831 
2.64771 4.5435 3.91824 
0.524112 2.38657 0.25837 
27.1027 31.4816 42.5912 
1.95116 1.97693 2.99651 
0.0289414 0.833507 0.219936 
0.0674279 0.40888 0.702931 
0.650338 0.957289 0.286126 
2.39851 3.62206 12.5976 
0.116256 0.299762 0.418831 
2.46539e-321 2.46539e-321 2.46539e-321 
3.8798 9.84733 5.21555 
1.71549 2.97702 2.78446 
1.20271 5.14909e-06 0.713972 
6.18822 23.211 0.00968424 
1.82586 1.84749 1.20341 
2.46539e-321 2.46539e-321 2.46539e-321 
4.86356 3.46008 0.84046 
0.0289053 0.0032676 0.356459 
1.09678 1.64279 0.315214 
3.97161 12.259 5.61628 
2.87549 1.82631 2.52645 
0.177525 0.329215 1.82942 
3.6416 2.00083 2.6225 
0.229027 0.510893 2.3522 
1.67365 0.330035 0.288528 
1.23674 0.140854 1.15359 
0.344306 2.34066 4.06108 
2.46539e-321 2.46539e-321 2.46539e-321 
0.145351 0.351959 2.98584 
7.87475 6.09457 7.29663 
4.17137 0.882466 1.98991 
23.0443 26.7028 53.8707 
3.51119 2.81697 0.842914 
2.29547 0.062753 0.931079 
11.533 7.75113 0.859654 
31.7336 29.2971 37.2721 
0.246506 0.397161 1.05009 
4.47447 5.3502 4.12755 
1.73897 3.47314 1.93509 
0.00437504 1.06634 -0.0143987 
8.28476 9.92488 7.23813 
