0.351035 0.258142 1.78647 2.18799 0.749972 -0.0599269 -0.0892214 0.36177 -0.575096 0.0327248 0.181437 0.125531 0.0499611 -2.8293 -5.60406 -0.141341 0.0126142 -5.76632 1.204 0.576751 -0.609247 0.763733 -2.8765 7.62685 0.385469 -0.219875 0.534349 -0.0201911 1.52545 0.362432 -1.20065 -3.28172 -1.57418 2.91665 0.626191 0.509313 -0.302171 -0.126102 0.682454 0.0583816 -0.114518 2.0278 0.0899124 -0.252831 0.00883412 0.0992384 0.300855 0.0619453 0.421608 1.582 
1.44074 -0.153007 0.0425915 -0.626212 -0.84094 0.340859 -0.029885 1.09119 -0.132639 -0.397554 -0.430928 0.893042 -0.25884 -1.07949 0.247494 -0.0836234 -0.553842 -0.400809 0.841808 -0.815089 -1.21048 -0.519421 -0.99101 2.37323 -0.144229 -0.40851 0.750961 -0.134904 1.99778 -0.553344 0.839652 0.619831 -0.378942 -2.5762 -0.622693 -1.60987 -0.341314 -0.125884 -0.904527 -0.959486 0.38838 0.0102648 -0.118837 0.00108357 -0.0336348 -0.137649 -1.82066 -5.47024 -2.03812 -0.00128832 
1.45004 -6.88037 -4.62964 -15.2206 0.302324 -0.083898 -0.0852462 2.5488 -0.881816 0.523507 -1.16942 -0.888889 -0.13553 -0.115287 1.27094 -0.2582 -0.2341 -0.25607 -0.0576404 -13.5178 -1.48721 0.186297 -9.02166 4.97741 1.68782 -0.194988 3.32863 -0.207736 1.20834 -0.957221 -0.646632 0.938516 0.779838 1.93638 -0.656425 0.433406 1.53034 -0.285973 1.91467 0.299206 -0.150496 -1.24786 -0.10199 -0.22957 -0.280058 0.123414 -0.282532 -5.1433 -1.30838 3.25543 
0.0152988 0.486787 0.31633 0.125394 0.235718 -0.331384 -0.306761 0.81751 -1.55086 -0.395167 0.0230287 6.84118 -0.390723 0.463459 -1.07394 0.00766878 -0.123801 -1.40406 2.44904 -0.0658017 2.74688 -0.355642 0.959151 -0.875347 2.63433 -0.11705 -0.353999 -0.0510607 -2.53855 0.183252 -7.73739 -0.823614 0.156162 0.0876531 -1.0225 -0.72312 0.136319 -0.175913 -1.37377 -1.55644 -0.209666 0.29422 0.164537 -0.204216 0.00834397 -3.24894 -0.544545 0.872536 0.65575 -0.925881 
0.593532 -0.129884 -0.79749 -0.383412 -1.03066 3.79701 0.0296898 -1.00806 -0.0351244 -0.217931 -0.098746 -0.561285 0.212158 -0.327753 -0.0856536 -0.253772 -0.288866 -0.538316 0.390052 -0.460464 -0.295177 4.70089 0.282321 -0.664656 0.075708 0.155814 0.412135 0.0387795 -0.130413 -0.363054 0.536041 1.23556 1.17969 0.451784 -0.133161 -0.192062 -0.283548 0.110252 -0.754452 -0.159854 0.191452 2.64907 -0.0685464 -0.110799 -0.192594 0.211062 -2.74745 4.12543 0.0486869 0.0184677 
3.01996 -0.421069 0.380652 1.43869 0.559882 0.713201 -0.156314 0.860714 2.10655 -0.120348 -0.978951 0.844311 -0.115115 -5.87041 -1.5114 -0.0809423 0.00172787 -8.05203 -1.36244 -0.384328 0.658347 0.658772 0.750634 -1.10643 5.92975 0.180577 1.87448 -0.484962 3.33817 -2.86806 -0.43903 4.7625 -0.795701 0.410885 0.180058 1.19953 -0.197583 0.00708523 0.179667 7.99755 -0.127809 0.355613 -0.0538458 -0.0546589 -0.0748402 6.45546 0.433843 2.83223 1.56709 -0.018468 
-0.238068 -0.0108954 0.309722 2.06715 -0.518192 -0.614308 0.0391148 0.497704 0.734632 -0.378111 -0.0553199 -0.233494 0.0565981 0.137011 -1.31865 0.0287415 -0.261254 -1.38298 -0.653294 1.35106 0.217726 -0.808668 1.96254 -0.120708 -2.74659 -0.177224 0.312438 -0.220231 -2.71943 -3.6462 1.04089 1.48524 0.346585 -1.97077 0.407501 -0.166538 -0.32152 -0.403347 -1.62319 -2.61746 0.0523491 1.20874 -0.110586 -0.0862191 -0.148861 0.222363 -0.0523803 -2.73243 -0.142982 0.0814783 
0.12294 -13.6975 -3.70102 -20.2155 0.365066 -3.04874 -0.205068 -0.103798 0.14927 0.982894 0.0104479 0.777245 -0.0418539 -0.245863 0.0454352 0.0285369 -0.330074 -0.0767026 -2.34009 -35.427 0.481246 -2.51306 2.55719 -14.2096 0.0546372 -0.156021 -5.69339 0.0526737 0.640715 -0.110923 0.611122 -4.70645 -18.8571 -1.83531 0.0873804 2.22226 0.296138 -0.422979 -0.59252 0.362008 -0.0104812 -23.4244 -0.10305 -0.132205 -0.212776 -0.146508 1.06425 -20.8035 -0.993422 -0.838189 
-0.212118 -0.0336057 -1.74434 -0.775001 -0.0365583 -0.861515 -0.0149934 -0.145003 -0.912346 3.41488 -1.28094 -1.65743 0.114638 0.553219 -0.486537 -0.0673477 0.0266437 -0.576271 2.36508 -0.70864 -0.194933 -1.32407 -1.76207 -2.11069 -1.49496 0.114007 -1.13036 -0.0378549 -1.49961 0.183167 -0.975457 0.0093667 -0.142786 -0.178972 -2.9077 0.501106 -1.94757 -0.219808 -1.82236 -0.387353 -0.0332979 -0.905363 -0.220277 -0.0475992 -0.125217 -1.0271 -1.55511 -0.924448 1.5882 0.154303 
-0.19893 -0.0981463 -0.321002 -0.191274 -0.0454871 0.0230919 -0.0906977 -0.0845884 0.151199 0.364206 -0.00446344 -0.11572 -0.29822 0.0957732 0.370332 -0.0209863 -0.291932 0.402123 -0.112043 -0.0239928 0.181373 -0.165422 -0.918602 -0.416986 0.0221854 0.0896173 0.204481 0.0120545 -0.309895 0.174227 -0.124573 0.159807 -0.045526 0.339131 0.0454495 -0.0682859 -0.0491623 -0.179845 0.115214 0.214825 -0.266691 -0.180649 -0.183945 -0.324518 -0.228209 -0.0407428 0.44989 0.0789382 0.392944 -0.171022 
0.951333 -1.8226 1.29907 1.70633 -0.168023 0.51231 -0.130962 0.817558 -1.24568 0.105587 -0.923545 0.0937113 -0.147666 1.06485 -0.325073 -0.0275013 -0.186647 -0.622768 -0.503653 0.731331 -0.744701 -0.504261 0.208227 0.850122 -0.447689 -0.0655395 0.333505 0.0219439 0.440619 -1.25884 -0.318645 0.331001 -0.474398 -0.985157 0.97737 0.0696203 -0.608109 0.0812438 -1.31341 0.109134 0.00146043 0.677527 -0.031587 0.0961315 -0.228946 0.0181659 -0.357874 0.608894 -1.17305 -1.58126 
-0.159677 1.0749 0.176225 -0.0879496 1.56626 0.201808 -0.00803044 1.18901 2.01033 -0.426377 -0.99064 -0.23719 -0.177427 4.0033 -0.782329 -0.14604 -0.52708 -0.193238 -1.13532 0.283022 -0.453778 -0.0964169 0.137911 -0.267471 -5.7833 0.00377738 0.135354 -0.124568 0.271234 4.52262 -13.1872 3.0697 -0.337534 1.63581 -0.118809 1.39999 -0.932507 -0.187113 -0.156726 2.52843 0.0355592 -0.366747 -0.470703 -0.113685 -0.0415168 -0.0891497 -0.518902 -1.12151 -0.660367 -0.895584 
0.119234 0.386234 -0.948338 -0.313664 0.354384 0.949935 -0.0112714 -1.50501 -3.32347 -0.336689 -0.735523 1.07766 -0.23046 2.21218 -0.877624 0.133125 -0.309332 7.8723 -2.87888 -0.197083 -1.83999 -0.283049 -0.593867 0.509168 0.14963 0.229846 1.16095 0.0615459 2.13869 -1.54508 2.73924 0.489989 0.249136 1.16377 0.565226 0.257395 -0.0442191 -0.262174 -0.279705 0.210991 -0.224786 -0.951827 -0.352714 -0.243602 -0.171787 0.428663 -0.0826069 -1.31403 -0.570536 -0.821583 
0.0990708 -0.0304032 -0.0834689 -0.273299 -0.12995 0.162803 -0.124221 0.106538 -0.235879 -0.128594 0.203872 0.100803 -0.0030532 -0.0648317 0.137673 0.0652667 -0.0833649 0.0727121 -0.0113391 -0.0176277 0.00525063 0.08158 0.0885674 0.12701 0.343521 0.0389318 0.251089 -0.0926479 -0.129647 0.0209321 -0.208346 -0.0930493 -0.327895 0.31505 0.0443479 -0.160979 0.0914061 -0.101232 0.123556 0.214545 0.062105 0.116527 0.0587151 -0.0306395 -0.0984235 0.113169 -0.0667611 -0.261336 0.144874 -0.0245094 
0.675854 -3.19121 1.68221 0.85371 -0.137518 -1.14194 -0.0626093 1.13511 -0.122618 0.524584 -0.299391 -0.761286 -0.0538343 0.406269 -0.453274 -0.260787 0.058199 0.532334 0.943576 -0.492292 -0.943203 -0.0593433 -2.31026 -0.437353 0.338209 -0.0541826 -0.085799 0.124483 1.17556 0.296474 -1.84505 -6.45375 0.570021 1.38714 0.153748 0.123349 0.278177 -0.105516 0.782736 -0.0301432 -0.0794463 1.96149 0.123736 -0.052367 0.140237 -0.278565 2.05232 -0.203963 -0.142088 0.461648 
-0.761501 -0.506608 0.483223 0.00118179 1.78532 -0.548157 -0.163339 0.929509 -5.06191 0.12445 -0.236971 0.0722954 -0.137839 -4.12677 -2.63784 -0.00096771 -0.254768 -13.723 0.868528 -0.213579 -0.151456 0.125711 0.123719 -0.390916 0.587554 -0.0714986 -0.795018 0.0915772 -0.816081 0.983798 -3.1632 0.5384 -0.24693 0.798802 -0.98012 -0.485731 -0.747789 -0.138411 -0.431758 -0.970359 -0.0775414 0.20336 -0.0249317 -0.305392 -0.23115 0.28074 0.396835 0.67705 -0.0766025 -0.979266 
1.22022 2.33225 -0.946893 -1.08904 -0.611213 0.147313 0.112053 0.0932972 -1.71875 1.20992 -0.889192 -0.16794 -0.0892436 0.945719 1.35559 -0.0680429 -0.21287 0.572941 0.335906 -0.831061 -0.657798 0.758137 -4.31072 0.230983 1.93625 0.0240115 -0.364263 -0.076191 -0.370626 -0.625875 -0.460758 0.61602 -0.033278 2.92999 -0.193986 0.68174 1.29003 0.0367505 1.99833 0.399106 -0.0828372 -1.33671 0.149535 -0.0192266 -0.157324 0.083228 2.42406 1.3481 -0.706903 2.36522 
0.0714022 0.0402952 -0.135518 -0.0806521 0.0569321 -0.0386625 -0.0278513 -0.0115603 -0.112616 -0.288134 -0.023246 0.0486894 -0.244372 0.0400906 0.0386554 0.105514 0.0875165 0.321652 -0.0928952 0.110851 -0.159516 0.348891 0.207692 -0.124551 -0.121994 0.183632 0.0184967 -0.0868427 0.080522 -0.0196148 0.0729949 0.0726693 -0.216804 0.0126084 -0.048364 -0.265261 -0.161196 0.0355028 0.463954 0.278034 -0.0756121 -0.301566 -0.132573 0.0341269 -0.101476 -0.117471 0.16625 0.248239 0.272026 0.0344113 
-0.334232 -0.0702425 0.0879397 -0.103142 0.0576513 4.86814 0.0688112 0.093918 2.21407 -0.668737 -1.54058 -0.317108 -0.0615249 0.24037 -1.09202 -0.362082 0.236833 -1.72981 -0.0474413 -0.217774 0.225594 2.91253 0.465476 -5.97727 0.149027 0.0228767 0.413328 0.133419 0.721495 -0.163616 0.186303 -0.42908 -6.52004 -4.29575 -0.91456 0.387328 -0.123206 0.153091 -0.542894 -0.846387 -0.00538399 -2.68749 0.00655704 -0.0932035 0.15915 -0.688359 -0.438778 3.83789 -1.28364 -2.33867 
0.229266 0.447222 9.43494 0.615612 -2.15751 -0.385709 0.108668 -0.907317 -0.0599818 -1.03127 -1.31145 1.71991 0.184771 -0.941103 -0.266944 0.166135 -0.191433 -0.213792 -0.466056 -13.0977 -0.0141145 0.0259578 -2.79711 -0.173123 -0.19294 -0.141011 10.2908 -0.161955 1.88516 -0.211906 -0.383568 -0.10626 0.0336497 -0.0801338 -0.393446 0.412303 0.20166 -0.00287352 0.701967 -0.693637 -0.154712 -0.0404794 0.0505785 0.0622054 -0.10348 0.0204637 0.522952 0.319033 -0.224191 1.70027 
-1.79546 -10.2575 -6.87578 -3.30105 0.639214 0.903394 -0.141938 -1.22551 -2.05099 0.3308 -2.39248 0.675747 -0.0974839 1.05494 -0.299762 -0.222639 -0.22318 1.39067 2.40034 -0.119301 1.27023 1.22323 -1.09824 -5.51271 -0.796509 0.0696074 -0.24327 -0.0485392 -0.00168812 -1.72831 1.81706 -3.16589 -2.66748 -4.21203 -0.274574 1.31659 -0.0912159 0.0180515 0.145808 2.5102 -0.276223 -1.30894 0.0805102 -0.147986 -0.175898 -2.71601 -0.017084 -3.52327 3.54839 2.348 
0.23697 -0.933829 0.0330735 0.0306297 0.321125 4.21449 -0.190212 1.20171 2.20993 0.0121937 -0.166312 -0.244439 0.0879035 0.677131 -0.0464241 -0.386161 -0.43782 0.165405 0.573478 -0.454112 0.25245 0.650012 2.06798 -1.73288 -0.712667 -0.201675 -0.225612 0.132857 0.444384 0.635354 -0.341246 -2.70388 -2.58755 -7.36084 -0.136611 0.954842 -1.04161 0.0814406 -0.0784812 0.00417892 -0.281686 -2.77499 -0.150373 -0.0585055 0.0499114 1.18857 -4.19837 4.98938 1.69449 -1.0368 
0.00932252 -0.0661256 -0.0868079 1.0452 -0.188577 -0.0992013 -0.00938917 0.266491 3.55775 -0.147437 -0.20042 -1.68616 0.101034 -0.175685 0.690823 0.203226 -0.32905 -0.867526 0.430639 0.717697 3.63841 0.412471 0.193825 0.298456 -13.7418 -0.120211 0.329386 0.0710926 -0.333683 -1.07962 -1.27648 -0.335451 -0.162182 -0.615937 -0.0921561 0.130456 -0.164122 -0.101592 -0.0273452 0.0294167 0.0205451 -0.173433 0.0450908 -0.0297166 -0.207319 1.40401 0.35958 -3.94417 2.51952 -0.463214 
0.0791488 -0.0714954 0.629052 0.0816491 -0.0630391 0.349686 -0.225044 0.0534655 -0.415135 0.204275 -0.239957 0.372106 0.245427 -0.788205 -0.0716361 -0.28318 -0.0375722 -0.0882691 0.050448 0.285227 -0.394142 0.307129 0.470504 0.579278 0.211135 0.154774 0.35939 -0.0187905 -0.521183 0.259249 0.250292 0.165348 0.218812 -0.264563 -0.00939457 0.239384 -0.288914 -0.219443 0.424604 0.31608 -0.235106 0.456802 -0.0511243 -0.181083 -0.0766605 -0.0489227 -0.355335 -0.277892 -0.343369 -0.341476 
-0.0838257 -1.99538 0.719409 1.51813 0.3276 0.173487 -0.233272 0.8458 -2.30783 0.0653668 0.442387 -8.70916 0.192704 -1.57679 -3.3305 -0.111815 -0.20448 -1.39488 -0.368103 1.19736 1.13126 -0.397978 -0.862372 -3.97199 -2.57483 -0.16564 -1.01914 -0.0420737 4.88809 6.8492 0.994648 0.844341 0.451585 -1.80892 2.06408 -1.60758 -0.115715 -0.111015 -0.348605 -2.2056 -0.0871347 -0.657617 -0.0958488 -0.0415224 0.0810426 -2.48711 2.08322 0.906319 1.23396 2.7082 
-2.26967 -15.8919 -5.79848 -5.90778 -1.91136 -0.884365 0.0396088 2.05687 -2.37463 1.65282 -2.41787 -0.366199 0.21793 -0.233409 0.695056 -0.206204 -0.106224 -0.223579 -0.794382 -4.63882 0.0240815 3.73201 8.46388 -7.93784 0.975395 -0.295772 0.58668 -0.104003 1.45214 -2.97648 -0.851844 -2.39458 -1.50963 0.544763 1.1359 0.225043 2.68811 -0.216415 -0.405663 0.917128 0.10559 -8.70407 -0.013853 0.144961 0.0849863 -3.78158 3.02655 -5.76186 -1.47499 -0.452606 
-1.82241 2.31657 0.968006 -0.052474 3.918 11.7027 0.00611211 10.1394 -4.63338 -0.422199 0.73734 -2.43644 0.0230151 1.737 0.861477 -0.0300951 -0.128854 -5.39607 -0.297495 2.73284 5.38642 2.88363 -5.31967 -13.7975 1.45468 0.164369 -2.84397 0.325577 4.19388 -0.730431 -2.26965 2.87891 -2.64557 1.16824 0.95513 4.30621 0.381134 -0.391632 6.40858 2.1831 -0.242365 -21.049 -0.364894 0.280893 0.255793 -0.68114 5.71029 -6.50824 0.93779 13.0048 
-3.06284 -8.23148 -0.0716941 3.85589 -0.442065 -0.0240555 -0.102972 0.390676 0.564272 0.082901 -0.0107443 -0.923969 -0.0574407 0.383815 -0.318497 -0.166081 -0.0613625 -0.115885 -0.121642 4.54201 0.923526 0.0528664 0.790401 -3.19269 -0.183091 0.0466923 3.25842 0.0353404 -2.35626 -0.0622664 0.70766 0.858651 -0.130373 -0.535029 -0.238763 0.069545 -2.23141 0.0340212 -0.188822 -0.2056 -0.0744314 -0.263584 0.235246 -0.0146765 -0.292689 0.0463519 0.452528 -0.50358 -1.04862 0.203723 
-2.87689 -12.9506 -2.12668 0.748029 -0.0993142 -0.243721 -0.11581 -4.44591 0.173521 0.481068 -1.93905 -5.57541 -0.302443 0.634347 -0.718459 0.129794 -0.0651955 1.07787 0.504841 0.0569793 0.509461 -0.247705 0.652194 -0.479324 0.182627 -0.119934 2.56308 -0.385163 -2.16837 0.364127 -0.334453 -0.178716 1.92564 0.879023 0.208495 -0.44802 -1.44247 0.0744551 -1.83892 -0.234449 -0.0669601 -1.41649 -0.1127 -0.0288259 -0.00576516 -1.40917 1.0289 0.0467513 -0.203116 -2.00345 
-2.24035 1.68723 -0.385261 1.64208 -0.529747 -0.439906 -0.0781246 -1.95052 1.73377 0.377339 0.777972 -0.01237 -0.369172 0.136354 1.25584 0.029757 -0.199948 0.317866 -1.47871 1.26959 -2.29927 -1.90207 2.73892 1.43477 -0.0740288 -0.103858 -0.0210255 -0.000910257 -0.507304 -2.64597 0.295089 4.77348 0.502722 -0.575469 0.00908959 -0.216023 -0.655753 -0.275404 -1.11581 -1.88981 -0.164767 0.455563 -0.116162 -0.0744985 -0.223897 0.646479 0.323341 0.986801 -1.36467 -2.15248 
0.176423 0.412606 -0.39079 -1.13569 -1.79877 0.110627 -0.0264703 -1.37356 0.584614 1.16316 -0.136332 -0.577543 -0.120914 -0.370025 -0.127257 0.296454 -0.352152 -0.0154233 0.596689 -0.718621 0.165552 -0.9367 -0.654025 -2.24245 -0.495123 -0.272465 -0.411117 0.00584814 -1.81076 -0.147934 -0.783736 0.47874 0.248199 0.0647267 0.270034 -1.26916 -1.55333 0.0718132 -1.27919 -0.341517 0.0136908 -1.20966 -0.255622 -0.23896 -0.317195 -0.0826975 -1.7686 0.0467154 1.33632 -0.285944 
0.150015 -1.51873 -6.5753 -8.32212 0.295446 -0.440976 -0.33143 0.953173 0.34353 0.453409 0.352815 1.07335 -0.32217 -0.0488377 0.0970987 -0.247709 -0.080377 0.42319 -0.544715 -1.8517 -0.205109 -0.153699 -2.5719 -1.84544 0.344925 -0.144681 -2.06977 -0.520622 0.355461 0.342636 0.132358 -5.80772 0.267201 0.230101 0.308471 0.434527 0.292799 -0.00648207 -0.200765 -0.00201523 -0.0587467 0.324623 -0.199434 -0.0275545 -0.0953086 0.0512526 -0.0241486 -4.51746 0.116807 -0.306372 
0.101327 0.315989 -0.174116 0.246908 -0.508835 0.547448 -0.152106 -2.07691 0.435845 -0.282425 -0.652178 -2.33996 0.0133212 -0.978523 -19.3629 -0.248058 -0.311035 -2.20636 -0.288266 0.110314 0.171878 -0.447383 0.781673 -0.311034 2.42251 -0.237577 0.277557 -0.0807622 -10.3799 -2.83316 -1.28349 0.493221 0.712118 -0.136454 0.649395 0.238214 -0.638478 -0.138993 -0.296654 0.165122 -0.131882 0.261477 -0.129142 -0.184184 0.0651182 0.352404 -1.0102 1.43744 -1.28372 -0.574128 
1.46596 -0.167435 -3.89344 -3.76384 -0.205567 0.0230316 0.0756263 0.557547 -3.00841 -0.65841 -0.153865 -0.000992315 -0.112288 -0.645722 0.706207 0.115173 0.0795282 1.24587 2.08678 -0.767047 0.0370487 2.67216 -5.09406 -8.22525 2.07929 -0.0861675 0.892305 -0.112147 -1.24719 -1.73813 2.60712 -11.5588 0.323936 -0.761445 1.50914 -0.429264 -0.767454 0.0504388 -0.659212 0.823552 -0.0573172 2.42698 0.123811 -0.000299726 -0.133 -1.67711 0.904519 6.38446 -0.442513 1.56971 
-0.645266 -1.26164 1.9549 1.81913 0.0696328 0.406494 -0.0652432 -0.217311 -0.453263 -0.26742 0.0157626 -1.15357 -0.184262 -0.17903 0.273725 -0.240051 -0.400873 0.442754 0.231075 3.35449 -0.26377 0.363157 -0.845436 0.657735 -0.278672 0.0405489 0.905013 -0.102455 0.647395 -0.131153 -0.305661 -0.783572 -0.533307 0.31405 0.301168 -0.374654 -1.24142 0.173843 -0.160195 0.110683 0.104194 -0.0452358 -0.164502 0.023226 -0.0177776 -0.105056 -0.213292 -2.22336 0.575291 0.0945051 
0.460454 1.89651 1.0802 2.66809 -0.0540639 -1.29418 -0.153639 -0.389022 0.42941 1.42368 0.413254 -0.276425 0.252117 -0.323433 -0.501472 -0.129419 0.390567 -0.897856 -0.0881979 1.57809 -0.302556 -0.631465 1.08503 -7.46965 -0.281202 0.107886 -1.42435 -0.197257 0.872268 0.134874 0.0958765 -1.14364 0.194203 -1.29965 -1.01116 0.0540795 0.617296 -0.191637 0.388618 -0.237352 -0.0490487 1.64309 -0.236979 -0.0532069 -0.106316 -0.0898678 0.0477419 0.0898319 0.0185758 -0.839252 
-3.03351 5.44342 -1.27633 -1.57622 1.65987 4.37059 -0.100035 -1.55033 1.30781 1.81731 -0.311526 0.387436 -0.283789 0.659116 -0.715404 -0.132768 -0.499117 -0.73196 -1.01693 0.278931 1.61615 -0.394115 4.01663 -1.63338 -1.13405 -0.24684 -2.24941 -0.112428 1.39812 -2.18543 -1.37256 2.24789 -2.40963 4.37875 -0.259617 1.04409 -0.286206 0.148329 -0.801657 1.04278 -0.0342883 -3.7872 -0.108082 -0.0523484 -0.0643817 1.34086 2.72189 1.10939 1.10022 -1.69178 
-0.108635 -0.824569 -0.234242 -0.245761 -0.662068 -0.20482 0.160836 -1.79291 -1.06134 0.369038 0.15462 -8.32678 0.0021818 -2.87758 1.07971 -0.130012 0.235343 0.137821 -0.732873 -0.102011 -2.57891 0.140949 -0.543038 -0.320972 -0.176278 -0.161806 0.123121 -0.215934 1.217 -3.55579 2.21999 -0.531792 0.349629 0.00235997 0.284682 -0.97257 -0.602289 -0.185451 0.698004 -0.697729 -0.442429 0.369466 -0.0482192 -0.228855 -0.113035 3.63175 0.0455484 0.112751 -0.246451 1.07318 
0.0512472 -0.583408 -0.495162 -0.161027 0.497997 0.864659 0.241344 0.48137 0.603683 -0.233967 -0.509632 -0.124754 -0.41607 -0.00902562 -0.212381 0.00326585 -0.349241 1.17542 0.680567 -0.110503 -2.04243 -0.287914 -1.41014 -0.544067 -0.0792837 -0.15908 0.468977 -0.0152518 1.4128 3.42014 -0.800369 -1.04531 -0.0940965 -1.96645 0.679228 0.329023 -1.43355 -0.0930648 -1.03286 -0.0903786 -0.413337 -0.789029 -0.416325 -0.0802182 -0.208059 -1.54093 -1.65922 0.334377 -2.5626 0.507494 
-0.331662 -0.0963306 0.0225104 -0.0477951 0.039433 0.120686 -0.0839447 0.0292615 0.16087 -0.165322 -0.0121763 -0.0550165 0.154776 -0.216146 -0.123004 -0.0141793 -0.0322479 -0.118731 -0.497802 0.0569271 -0.143938 0.129629 -0.196394 -0.022448 0.322196 0.253853 0.122769 0.0819483 0.175842 -0.209584 -0.18587 0.00532774 0.209098 0.144601 -0.216703 0.661188 0.407459 0.028366 0.0918798 0.113933 0.141998 0.433323 0.0856823 -0.0865607 -0.0973974 -0.0855745 0.175108 0.2343 -0.0050728 0.0371493 
-0.343767 -0.903712 1.06563 -0.505637 0.288627 1.0774 -0.139995 -2.78353 -0.849668 0.0510412 -0.702446 -1.07 -0.179818 -2.05338 -1.3268 -0.283323 -0.00366932 -1.41992 0.2705 -1.77496 0.171152 0.942151 -2.58989 -3.16219 1.02464 -0.117749 0.736923 0.0447674 -1.01019 -1.85256 1.84846 1.37163 -0.777645 2.05144 0.913775 -0.554165 -0.113236 -0.117585 0.664101 -0.934483 -0.146987 -0.597641 0.00915864 -0.181471 -0.286639 1.36582 -0.0865359 -1.47301 -0.372753 2.5455 
-0.91012 -1.50031 3.48694 1.525 -0.614116 -0.351446 0.106951 -0.858355 0.096861 0.282779 -0.242406 -0.606587 0.0114108 -0.199996 -0.218679 0.0139474 -0.0432842 0.502231 0.0249647 2.07768 -0.576477 -0.76921 0.473384 -2.05646 -0.0355433 -0.247243 1.92616 -0.142267 -0.425128 0.0693522 -0.0531065 0.886284 -0.346 -0.431204 0.16417 -0.297123 -0.35236 -0.0238865 0.0344726 0.229616 -0.15091 0.00736564 -0.267224 -0.217505 -0.179057 -0.244432 0.341023 -0.262875 0.199852 0.112696 
-0.0327829 -5.51274 1.10513 -2.93475 0.955396 1.58812 -0.0803112 1.75329 -2.03012 0.0697211 -0.531442 -6.94965 0.186713 -1.16924 -2.83711 -0.162822 -0.124399 2.71103 -0.386633 -1.14175 0.152843 2.11251 -1.53298 -1.59472 0.966385 -0.0374685 -0.451873 0.12841 1.58957 1.53691 2.0596 -1.55269 0.284721 -0.994069 -1.26977 1.98049 0.723254 0.0500796 0.298123 -0.783401 -0.0308727 -2.24582 -0.254923 2.07761e-07 -0.149737 -0.413959 -1.58271 0.557648 -0.0263094 2.02775 
-0.700256 0.579427 -0.0758196 -0.561062 -3.46067 -0.165296 -0.0783769 -0.864871 -1.80265 -0.155658 -0.35532 -2.00988 -0.120897 -1.75773 -0.552416 -0.331991 -0.0700693 -1.10632 1.3397 0.0685478 0.823796 -0.509888 -0.0728404 0.150617 -2.57143 -0.0612494 -0.82023 0.0816023 -2.49234 -1.04589 -0.295902 -1.74809 0.214559 -0.0513857 -1.20999 -0.88383 -0.225953 -0.168854 -0.675951 -3.22085 -0.0970535 -0.131458 -0.289107 -0.174994 -0.265669 -9.98157 -0.247576 -0.784845 0.401477 0.106974 
-0.33412 -0.200745 -0.400753 0.801777 1.75196 0.135966 -0.0439517 -1.4103 -0.147265 0.484734 0.0302284 -0.112952 0.0525038 1.56408 0.380052 -0.00864766 -0.144676 -0.397819 0.593292 0.809776 0.916761 -0.258048 -0.596207 -0.10102 -1.05427 -0.144882 0.324064 -0.111909 -1.35069 0.0307104 -0.0141997 -1.70806 -0.977471 -0.254052 0.122937 -0.974408 -0.87774 0.0264495 0.139226 -0.190309 -0.302865 -0.355135 -0.0871417 -0.362488 -0.199113 0.542943 0.777331 -1.53301 -0.365142 -0.473052 
0.35423 -0.485263 -0.916911 -0.844677 0.19279 -0.621935 -0.199754 -1.07488 0.311588 2.77003 -1.03115 -0.0439405 -0.140396 0.166664 0.202985 0.196592 -0.185188 0.262833 -0.592137 -1.31319 0.998788 -0.410464 -1.41144 -0.286648 1.03764 -0.0482966 0.285342 -0.070599 -0.591357 2.13757 -0.527423 -3.48097 0.14802 -0.56805 -0.235505 -0.638633 -0.746639 0.0242099 0.19055 0.596855 -0.141599 -1.51831 -0.219434 0.0993794 -0.0471335 0.212809 -0.428013 -2.85558 0.294718 0.907947 
-0.485847 -0.606798 -0.915903 -0.373253 -1.3942 0.374659 -0.00648124 -0.591727 -1.64317 1.64774 0.0524895 3.30384 -0.0743323 -0.248158 0.379753 0.0833581 -0.164846 2.0872 -3.2733 -0.607461 -0.762396 0.95269 -0.93239 0.370717 2.18525 -0.0963978 0.305185 -0.0258974 0.641664 0.960977 1.28874 0.0322309 -0.609921 -2.33578 0.165549 0.322917 1.42617 -0.0242941 0.952163 0.994715 0.00237155 -1.17082 -0.362922 -0.22088 0.163801 2.71598 1.47331 -0.936625 -0.288874 0.312183 
-0.0540111 -0.0125371 0.096318 0.30202 -0.18765 0.0549016 0.130645 -0.0861238 0.106072 0.136225 -0.0738077 -0.109186 0.0170454 -0.077134 -0.0189436 -0.0414334 0.047047 0.122408 0.288817 -0.0567068 -0.122321 0.103466 -0.164981 0.0605169 0.127807 -0.0579615 0.168353 -0.0581959 -0.0853978 -0.0519943 -0.0707854 -0.133426 0.0808021 -0.16204 0.0341028 0.199172 -0.155928 -0.170778 0.0700157 -0.101934 0.0443321 0.062823 -0.131244 0.0746928 0.37245 -0.0636895 -0.0419819 0.0507906 0.0940066 -0.0138465 
-0.06128 -0.890364 -0.531551 -0.0139295 -1.93434 -0.796143 0.0633344 3.53977 -0.0184434 -0.0909027 -0.0695037 4.18866 -0.239083 4.34765 1.94984 0.0503612 -0.226072 -4.48546 1.9001 0.221614 -1.08732 0.864654 0.41669 -0.801785 0.284598 -0.279396 -0.0898809 -0.186252 2.00074 -3.95245 -1.01059 0.069737 -0.222412 2.9429 -1.6267 2.87787 0.744626 -0.0930387 0.907154 0.475832 -0.0765672 0.517227 0.141555 -0.0970616 -0.233277 1.77459 -1.308 -0.921631 0.0466041 -0.475983 
-0.477121 0.246478 -0.0264349 -0.182576 -1.08321 0.857611 -0.403531 1.18846 0.386396 1.34947 -0.753257 1.739 -0.178443 -2.18204 1.11941 0.0818977 -0.42483 1.65093 -1.66533 -0.946925 -0.145464 0.622906 -1.05577 0.984779 -1.75022 -0.149896 0.308495 0.110414 2.58806 0.144184 2.73401 0.266365 -0.77802 0.0768767 0.545136 0.849068 1.49667 -0.11911 0.898361 -0.758706 -0.250059 -1.17093 0.226629 -0.0699713 -0.137303 -0.469038 1.29698 -0.323507 -1.67001 0.288123 
0.155614 0.123469 0.191434 0.11396 -0.0330227 0.204195 0.0959713 0.00816886 0.102615 -0.074095 0.190837 0.111583 0.00140067 0.0332374 -0.0886571 0.0866013 -0.065957 -0.153277 0.207536 0.0967845 -0.118168 -0.0148503 0.0678591 0.0132565 0.122597 -0.00575183 -0.163326 -0.03165 -0.0598457 0.14178 -0.0287304 0.234814 0.00741489 0.267246 -0.202238 0.0162103 -0.102934 -0.160874 0.0127037 0.268777 -0.101611 0.0632979 -0.124502 -0.100876 -0.131924 -0.0247269 0.0830684 0.0269727 0.058356 -0.0873383 
-3.9526 5.75238 -0.611365 2.67536 -2.12664 2.27244 -0.0618597 1.02137 -1.59513 1.4308 -1.33173 -4.40955 -0.174947 -7.05915 1.03242 0.073209 0.100445 -0.242243 -5.37722 2.14751 -2.15966 1.08769 0.733588 -4.72962 -1.48965 0.00466821 -0.246837 0.0930381 -4.69429 5.26808 -3.15037 -1.99264 -0.620958 3.70063 -0.111139 -1.94809 -4.41008 -0.0330833 2.82729 0.623102 -0.215974 -2.98163 0.0835978 0.0336166 -0.183878 0.320962 -0.183553 -0.737208 -0.974439 0.628938 
-0.123092 -0.150102 -0.525626 -0.143114 0.0114242 0.324934 0.0517442 -0.0157991 0.320786 -0.156746 -0.0379717 -0.0702833 0.21467 0.310499 0.224991 0.109295 -0.335014 0.182624 -0.0713885 -0.27534 0.00668772 0.100872 0.229174 -0.228924 0.108443 0.0562057 0.0303871 0.0605903 0.0380777 0.034675 -0.0344872 0.0624965 -0.104361 0.668176 0.0292115 0.046222 -0.125481 -0.17088 0.139226 -0.21082 0.109724 0.189757 -0.332843 0.246786 -0.1075 0.136224 0.110358 0.202084 0.0880535 0.0642575 
0.461643 -0.180626 -0.0912044 0.0808232 0.0254072 0.00894988 0.149829 -0.0877573 0.130657 -0.311669 -0.00153904 -0.117886 -0.0257312 0.626225 -0.179714 -0.0554668 0.203066 0.442585 0.373214 0.141973 -0.0265048 0.0572076 0.203704 0.25049 0.020294 -0.101409 -0.255784 -0.0574062 -0.22462 -0.131801 -0.0105999 0.0101623 -0.296368 0.338431 -0.0505586 0.0742616 -0.116839 -0.123705 0.021039 -0.0335855 -0.179942 -0.0895668 -0.380197 0.0103034 0.126886 -0.168378 0.193285 0.280011 -0.251533 0.07918 
-0.0228589 -1.68355 -2.70034 -4.7501 -0.392862 0.873178 -0.191015 -0.311523 -0.77835 0.813619 -0.358133 1.39774 -0.117745 -0.208728 0.518536 -0.104027 0.0341325 0.0107603 -0.415735 -3.48563 -0.120188 0.00291094 -5.82927 -0.157544 1.08032 0.0877388 0.953326 0.0483775 0.989249 0.813622 0.0809216 -1.55957 -0.214327 2.33981 -0.13622 0.637796 0.107234 -0.0850214 1.26586 1.0749 -0.170615 -2.33488 -0.136857 0.149759 0.0587629 -0.0964234 0.824721 -3.78091 0.90941 1.78681 
0.851951 -1.95772 0.767263 0.265549 -0.60707 -0.81709 -0.126224 0.342682 1.15819 0.291786 0.22965 0.177363 -0.139063 -1.71082 -0.767415 0.113334 0.0366423 0.591714 -0.755455 -0.501485 0.14964 -1.56115 3.48799 -0.222855 0.398946 0.0831343 0.132563 0.0671705 -0.854974 0.965318 1.14694 1.48008 -0.308934 -0.684215 0.389473 0.817793 0.00148066 -0.105622 -1.22199 0.534673 -0.106508 2.16167 -0.23458 0.100788 0.159423 0.229642 -1.31311 0.240995 1.60734 -1.46802 
0.114058 2.06186 0.792305 2.6432 0.042408 -1.89914 0.0186679 -3.45684 1.36577 0.334902 -0.827369 4.99354 0.362463 -2.47928 0.0526871 -0.0672119 -0.246373 0.969925 -1.0029 -1.96824 -0.378749 -2.4404 -4.17985 -0.0160798 0.694442 0.0331051 1.09642 0.0532816 4.955 -0.204563 -0.531158 0.0738907 -0.995813 0.323407 -2.75803 1.24926 2.15594 0.172792 1.92112 -0.798208 -0.00245468 0.151825 0.0188733 0.109527 -0.160254 -0.0141482 1.19115 -0.358666 1.74839 2.40454 
0.203075 -10.9099 0.942403 -11.6576 0.895179 1.00226 -0.161429 -1.57065 0.62526 -0.91201 0.0690128 -0.751864 0.136244 -0.0341309 -0.9322 -0.132641 -0.144362 0.205459 3.4984 -14.6952 -1.96863 -0.680395 -3.36042 -14.7957 1.38107 -0.417087 -1.74791 -0.294285 -0.68977 1.26495 -0.984393 -2.13066 -3.14037 0.85306 -0.703733 0.72824 -2.10484 -0.00112974 -1.24316 0.779836 -0.0404922 -6.81978 -0.310394 -0.420599 0.012487 0.171291 -2.19193 -19.9084 -2.51903 0.551002 
0.258139 5.44317 3.82746 7.70744 -0.425034 -0.601944 -0.212998 -3.35181 -0.768871 -0.52657 1.15541 -6.90229 -0.14827 -0.64705 1.31682 -0.15074 -0.49549 -0.623526 -0.936889 1.20154 0.313011 0.264873 0.670523 4.3443 1.49939 -0.0774578 4.62434 0.144074 -0.92346 0.199402 -0.966428 -1.08117 -0.961327 5.00814 -1.1733 1.61117 -4.96379 -0.233924 0.0334526 -0.199257 0.0919854 0.963689 -0.00612286 -0.169847 0.568168 -3.56926 0.476399 1.99465 -0.544491 -0.891385 
-0.446765 -0.411816 -0.641919 -0.320462 -3.70015 -1.0755 -0.0752542 0.770065 -0.0558795 3.52173 -1.02426 -0.318929 0.164497 0.186793 -0.0539202 -0.112538 0.240795 -0.0915941 0.030109 -0.744786 -0.793436 -0.850668 -0.828418 -2.72168 -0.0514218 0.30919 -1.21722 -0.0773968 0.894216 -0.395724 -0.271781 -0.742834 0.212142 -0.04028 -1.24609 0.28863 0.338584 0.0663008 -0.305622 0.553558 -0.0092157 -0.505786 -0.00745738 -0.0816045 0.0124058 -0.0621407 0.180836 -1.11873 1.87243 0.433603 
2.18516 -0.366861 -0.546377 0.200773 1.38645 -0.160772 -0.340906 -1.09666 -0.574181 0.281654 0.341588 3.66225 -0.171756 1.5226 -0.552516 -0.239742 -0.480833 0.878892 -0.676521 -0.261388 0.103236 -0.135741 -0.403315 0.189817 -1.57327 -0.242691 0.85294 -0.147716 -0.972081 1.35575 6.7189 0.453549 0.440481 1.34234 0.54879 -0.0464158 0.491921 -0.20912 -0.00737093 1.93402 -0.204825 -0.214684 -0.0693775 -0.133564 -0.0368004 2.25381 -0.240208 -0.106467 -1.27391 -0.0304756 
-1.04252 1.5367 -1.77324 0.216638 0.0990979 1.9223 -0.541279 -0.383165 -2.10763 0.639836 0.168058 1.0894 -0.0664543 0.238537 1.75584 0.0663387 -0.622774 0.866208 -0.534999 0.968565 -1.70231 -1.12255 -2.82547 -4.15971 0.193449 -0.254379 0.231718 -0.318098 0.506286 0.397536 0.613698 1.77247 0.930374 3.39109 -1.00548 -0.526766 -1.16204 -0.431362 1.52734 0.77125 -0.155615 -3.14136 -0.238343 -0.0109431 -0.0809381 2.7911 1.32229 -4.23986 0.876592 -0.135357 
-0.646887 0.777286 -0.692203 -0.693093 0.953265 -1.35449 -0.102511 1.11119 0.346101 0.327909 0.452973 0.304142 0.0026814 0.215987 0.0818587 -0.274862 -0.18914 0.596969 -0.531447 0.0629634 0.361077 -3.86995 -1.90922 -1.95188 0.217824 -0.290637 -0.708972 -0.290553 0.637811 -0.258093 -0.159631 -12.4343 -1.68378 -2.86318 0.359722 0.258893 0.476533 -0.113877 0.221595 -0.0897554 -0.113293 -3.37259 -0.152322 -0.294271 -0.127607 -0.00612723 0.795109 -7.26878 0.15655 0.0504972 
0.387747 0.596873 -0.40806 0.209722 -1.63075 -0.295209 0.00238605 1.13426 3.90703 -0.097183 0.490854 0.82302 0.0263649 4.10491 -11.9113 -0.144612 -0.329827 0.907446 1.06406 0.372045 1.57828 -0.290524 0.527174 -0.33726 -4.28097 -0.019391 0.093676 -0.121405 -52.7001 1.54344 1.4621 -0.656441 -0.537819 -0.306583 -0.819735 -0.517436 0.388488 -0.197077 -0.427773 -0.899238 -0.291665 -0.322194 -0.0427861 0.0795816 0.117289 -1.17432 -0.0339309 -0.267091 -0.00330961 0.861872 
0.352109 -9.4082 -2.45601 0.0927969 0.634507 -2.30984 0.123089 1.20531 -0.670461 1.59261 -0.130764 0.946908 -0.0953198 -0.777899 -4.39924 0.0790629 -0.134998 -3.74604 0.0803139 -0.51201 0.318127 -3.12313 5.39098 5.48567 1.16128 -0.268975 1.25778 0.111735 2.74499 0.38017 1.26585 0.195972 3.64909 2.60881 0.250044 0.861936 1.20964 -0.202211 -2.72796 2.30183 0.140662 -1.3698 -0.144155 -0.00183537 -0.206709 -1.67359 0.741379 -3.63127 1.76466 0.896331 
4.57151 -2.95207 2.73301 5.99522 0.0805167 -0.886288 0.0117174 2.1757 -0.233688 0.020849 -0.233404 2.52508 0.114021 0.243886 0.491685 0.161742 -0.175071 0.067964 0.436624 1.37545 -0.785934 -0.585289 0.133029 -0.175966 -0.0816181 -0.0475376 1.43743 -0.114274 3.17105 -0.128701 -0.672507 -0.613435 -0.211919 -0.0909985 -0.0831125 -0.210446 1.38337 0.230966 -0.398142 0.664499 0.016867 -0.701994 0.161185 0.0147568 -0.00337058 0.771571 -0.0542894 0.232792 1.44978 -0.741993 
-1.5161 -0.298086 0.680461 -0.669779 -0.872071 0.0726663 -0.148896 0.798209 -4.07305 -0.156495 -0.790808 -3.14329 0.0788574 -0.490969 0.0277851 0.0954919 -0.140363 -1.46607 1.97738 -0.163908 -3.2637 -0.0326822 -0.518029 0.674034 -1.42758 -0.473505 -0.354963 0.00368953 -0.425266 -0.284517 -4.31508 0.268291 -0.131818 -0.326805 -1.01238 -1.04995 -1.09363 -0.182797 0.0131026 -2.40552 -0.101107 0.0197347 -0.115574 -0.042023 0.0687728 -2.31517 -0.727728 -0.160505 -2.95402 0.581695 
0.0862072 0.206853 1.06947 0.140495 -0.507169 1.26501 -0.273065 -7.93219 0.0901388 1.17612 -5.3633 0.640192 -0.0421074 -1.61866 -1.15044 -0.127218 -0.0155376 -2.25872 -1.91363 -1.05381 -0.0295089 0.456785 0.38099 -4.2276 -3.72553 -0.0925074 0.357634 -0.234563 2.53216 -1.50918 0.476105 -1.08574 1.43606 3.41802 0.139084 -4.83009 -0.298416 -0.0907967 -0.961041 0.328208 -0.0220426 -3.53534 -0.0303814 -0.26129 -0.131228 -0.664776 1.1166 1.66371 -2.62994 -1.58543 
-1.30259 1.60816 -0.617978 -1.49567 0.0217162 -0.392284 -0.0709621 3.29117 2.12835 1.38768 2.37059 0.0117406 0.0929377 0.917537 0.601095 -0.0873543 -0.254987 -0.844154 0.953736 -1.99174 -1.95847 -0.0996874 -1.55555 0.380432 -0.696015 0.124615 0.456993 -0.254648 -0.500441 2.11666 -0.278689 -2.33143 -3.09194 1.46523 1.02103 0.268829 1.44497 -0.216784 3.04346 1.4997 0.0533276 4.55967 -0.108754 0.0299935 -0.154354 1.46889 -10.8915 6.16641 4.09222 3.4624 
0.185756 -0.805366 0.199027 -1.4728 0.842671 0.863156 -0.166294 -0.420481 -0.1423 -1.19358 -0.184167 -1.05237 -0.212602 -0.231389 0.510131 0.0250033 -0.449091 -0.33046 1.49335 -0.932292 2.14666 -0.231445 -1.79296 -1.97991 -1.41071 -0.0235601 0.276504 -0.422134 -0.620154 0.768331 0.298869 2.94196 -0.567502 -0.353955 -0.974709 -1.22807 -1.97108 -0.0453262 -1.44753 0.273013 -0.277929 -0.911877 -0.226551 -0.0169741 0.0675523 -0.454566 -0.645719 -0.130725 0.381462 -0.868065 
1.19099 0.530082 0.0187335 -1.36992 0.418574 0.435922 -0.060623 0.811212 -1.01827 0.22826 0.594559 0.363086 0.164215 -0.390741 -0.0918514 0.0686637 -0.166142 -0.207591 -0.214685 0.344078 1.37096 -2.15726 1.99936 2.55733 -0.54798 -0.230138 -2.44772 -0.141815 -0.363383 -0.164701 0.693564 1.67058 -1.07066 -4.49439 -1.70811 0.550482 -0.489599 0.106681 -1.0661 0.322999 -0.276975 2.68734 0.0301857 -0.127131 0.109481 -1.14079 -1.424 1.98977 -0.197305 -2.35182 
0.00474701 -12.3824 -3.35455 -9.60672 2.99968 -0.932539 0.0443499 -0.951862 2.23202 1.62897 -0.329661 -0.828218 -0.223289 -0.54285 0.291924 0.0494948 -0.161807 0.810587 -0.285966 -4.86047 1.43739 -0.138759 -1.50771 3.02029 0.993685 -0.020347 -2.39531 -0.162231 -2.2072 -2.63212 0.830571 6.66726 0.860667 2.41557 0.764017 -0.530798 2.04768 0.143787 1.41814 -0.0359804 -0.10543 -0.427325 -0.149919 -0.190289 0.24412 -1.83869 -1.0823 -1.41087 -1.53034 5.32993 
3.44677 9.80953 -5.55748 0.397965 -5.10965 -0.606935 -0.229757 -0.804561 -0.818242 0.216325 -0.962348 3.36932 0.163402 0.885796 0.760651 0.129295 0.0259749 1.05425 0.251265 3.36797 0.514185 -1.31197 6.53802 4.01068 -0.159853 -0.150451 0.461651 0.0778616 -0.358982 -1.22937 2.2142 1.45273 1.98011 -3.10589 0.644036 0.431134 -0.957664 0.144523 -3.31141 -1.4543 0.086513 -0.665961 0.0524822 0.245607 -0.216148 2.64484 0.162157 0.340053 -0.801372 0.498045 
0.0448684 -0.420154 -0.849957 -1.42576 1.24302 -0.0575746 0.0633755 -0.539592 -0.545595 0.834799 -0.200377 0.565888 -0.357087 -1.20968 -0.41792 -0.422807 -0.1814 0.228558 1.07848 0.0779393 -0.546347 -0.086651 -0.679785 0.520407 0.663497 -0.338622 -0.929439 0.00017064 -0.977474 -0.725526 -0.334996 -1.3866 -0.211918 0.305058 0.0674534 -0.575201 0.8416 -0.0173147 0.398262 -0.842455 0.015759 0.77054 -0.317278 -0.0633057 -0.0768832 -0.105748 -1.46296 0.422836 -0.16401 -0.0642843 
-0.112206 -0.81809 0.477911 -1.94635 1.3242 -0.0298335 -0.128333 -1.39233 0.130359 -1.10579 1.2639 -0.859278 -0.0703161 1.89143 0.46289 -0.235765 -0.0656756 0.538374 1.48931 0.136218 1.17245 0.829677 0.148845 1.59541 1.04595 -0.0367327 -0.246057 -0.19973 -2.02237 1.07042 -1.04113 2.37927 -0.61738 -2.4298 0.42331 -0.656671 2.70569 -0.069699 3.07391 0.0586436 -0.166007 0.56751 0.0467911 -0.0989413 0.0291395 0.548746 2.27384 -3.7764 2.09271 0.43441 
0.219474 -0.949896 1.86489 2.03508 -0.209106 0.605532 0.181141 -0.00411734 1.14205 -0.614627 0.361651 -0.114452 -0.214531 -0.286131 0.0317042 0.013617 -0.0655216 -0.118727 -1.57337 0.516855 -0.706223 -3.14737 1.46744 1.26059 0.046274 -0.328753 0.320519 -0.024068 -1.43621 0.479825 -0.522458 -3.76305 -1.21798 0.0856673 -0.184406 0.0744905 -0.944977 -0.0814469 -0.674805 -1.53256 0.0423794 0.57923 -0.159137 -0.0834075 -0.408402 0.147466 -1.07662 1.77027 0.0806512 1.34682 
2.6498 -13.5671 2.00832 -3.46266 2.2639 -0.688641 -0.113871 4.84113 2.92724 -0.449788 -0.370195 -7.08757 -0.10375 -7.78478 -0.339036 0.143704 -0.0494404 -9.62068 -1.04829 -3.11925 1.52992 -0.448797 -3.91593 1.48311 3.55626 -0.217042 -1.03445 -0.263922 4.93788 -4.19517 0.7756 -0.934607 2.10138 -2.4229 -1.42318 -2.05299 1.3484 -0.333644 1.62899 1.09452 -0.0500472 0.141318 -0.249957 0.174311 -0.258218 3.12753 -4.02133 -0.129448 -0.657067 0.862059 
-0.548508 0.199757 -1.89467 -2.23302 1.73292 2.53431 0.0744451 -1.28773 -0.931499 1.35341 -0.82692 0.146635 -0.0243808 0.507913 0.127491 -0.0325701 -0.179691 0.281905 0.662302 -0.98856 0.282888 1.63797 -3.31281 -0.267774 0.56687 -0.244681 0.0580766 -0.00802461 -6.09885 0.76069 -1.35253 1.86382 -1.49668 1.07673 1.51693 -0.600807 0.635695 -0.154507 1.47157 0.63896 -0.267009 -3.13772 -0.0541681 0.148634 -0.0222111 -0.873613 1.78435 -2.50622 0.243209 1.96801 
0.145029 0.242962 0.28383 0.632514 -1.15563 -1.19643 -0.217874 -0.353516 0.298549 0.0481881 0.135204 -0.163014 -0.0775951 0.361269 0.233543 -0.133259 0.15905 0.0846383 -0.121361 1.04335 -0.165524 -0.780665 2.85063 0.685187 -0.251377 -0.0449588 -1.02246 -0.271972 -0.892028 -0.356037 0.298023 -0.727748 -0.741162 0.372998 -0.300683 -0.159551 0.140411 0.0279036 -0.637547 -0.831669 0.0211689 2.27618 -0.0446688 -0.163076 0.133706 -0.00362452 -0.173694 -0.362238 -0.0141717 -1.95408 
-0.603392 -0.588417 -2.01324 -2.95011 1.64616 2.24186 0.228704 0.552789 -0.0632114 0.449742 -0.309351 0.74363 -0.122877 1.23282 0.616262 0.0247884 -0.0868261 1.02194 0.227411 -1.31469 0.342722 1.36719 -1.74295 1.85509 0.422676 -0.0545247 0.0992066 -0.275671 0.103349 -0.605864 -0.394267 2.50772 -1.04755 1.66736 0.981202 0.0378098 0.0606951 -0.157962 0.942469 0.685581 -0.0970988 -2.2759 -0.264315 -0.167247 0.0553027 0.637162 0.00613114 0.757841 0.341692 1.60966 
-0.549099 -5.06637 -0.193362 -0.967512 -0.245777 -0.908407 0.143193 0.148827 0.62112 -1.37984 0.239079 2.79079 -0.0524564 1.03233 -0.66755 -0.0337167 -0.187776 1.50056 -0.908681 0.577445 1.47798 0.25627 2.2475 -2.82599 7.01796 -0.048063 -0.892943 -0.0584528 -0.882548 0.242039 1.11932 0.479985 1.09862 2.36887 0.885032 -1.14688 0.699066 0.271591 -0.944518 -0.356103 -0.0220711 0.487008 -0.147993 -0.0658643 -0.226084 0.648932 0.344505 0.569013 0.0597162 -0.0201279 
-0.784504 -0.133129 0.0866597 0.477879 0.57788 2.97506 0.00860295 0.0245167 1.37553 0.0911737 0.082275 0.463496 -0.1786 -0.0453794 -0.559333 -0.195533 0.00670101 0.101738 -0.503906 -0.102237 0.142837 3.78634 -0.244804 -14.4371 -0.341005 -0.169531 0.183771 0.0618678 -0.011475 0.392634 -0.436241 0.843039 4.08375 -0.456983 -0.113677 -0.263245 0.0961928 -0.126689 -0.822666 -0.116123 -0.204988 3.37374 0.191153 0.0825924 -0.12697 0.421282 -7.77666 3.26127 -0.585114 -0.271593 
-0.588579 -1.06384 -1.24905 -2.3861 -4.56574 1.01187 0.0780214 0.237576 0.00743881 -0.255708 2.43653 0.780374 0.0408578 -0.60766 0.0673759 -0.144314 -0.13914 -0.350843 -4.41813 -0.962752 0.133191 2.19956 -0.262367 -0.483891 -0.0706565 -0.276058 0.1756 -0.1485 0.601571 -0.623763 0.494381 -0.39927 -0.304955 -0.900808 3.40614 1.92888 3.17139 -0.026782 2.40929 -0.905348 0.00523795 -1.11445 0.0344878 -0.018809 -0.357314 -0.132051 3.60028 -1.50483 -1.94552 0.844156 
-8.37668 -10.2907 -0.832734 2.18997 0.939877 0.251911 -0.125247 -2.70384 0.0649492 0.19566 0.376886 -4.19499 -0.127215 -0.889016 -0.159687 -0.256142 0.0437989 -0.639263 -0.414956 3.73216 0.40157 0.255498 -0.229359 -0.820699 0.918372 -0.192076 4.06032 -0.369186 -3.34336 -0.033553 0.0769995 2.69655 0.00483411 -1.28648 -0.126468 -0.112113 -11.7129 -0.0153868 0.0467488 0.01073 -0.0143868 -0.964448 -0.166312 -0.0903987 0.0808051 0.648523 0.211208 -0.778925 0.156229 -0.586424 
-0.634562 0.466803 -1.43792 -0.317669 0.991144 -0.496114 -0.268007 -0.101923 0.729156 2.80052 -0.696857 0.195579 -0.102653 -0.236998 -0.257796 -0.225174 -0.190024 0.340141 -1.11218 -0.326398 0.456315 -1.35512 -0.0110298 -1.93611 -0.428842 0.108979 -0.693545 -0.103436 0.917869 -0.869898 0.205779 -2.14853 0.336911 -1.57532 -0.363781 -0.288104 -0.784095 -0.0905333 -1.01956 -0.136882 -0.417349 -0.698796 -0.185376 0.0823041 -0.137083 -0.174924 -0.572383 -0.880356 1.37364 -0.204547 
-0.260623 -0.0556973 0.0135609 -0.602516 0.0223425 0.769473 -0.08654 0.5631 0.098322 0.0500997 -0.0688397 -0.27531 -0.143475 0.0159384 -0.869095 0.221028 0.174123 0.271045 -1.56829 0.251417 0.224492 0.556076 -1.4406 0.128683 0.700433 0.306318 -0.112958 -0.11755 -0.875896 0.414461 0.54479 0.768579 0.388683 -0.111789 -0.0415495 0.314544 0.397354 -0.0413295 -0.00309662 0.430552 -0.229705 0.451034 0.335123 -0.0449922 0.126842 -0.477773 -0.265276 0.782528 -0.10654 -0.103437 
2.25818 -5.43683 1.82557 -3.78774 1.12662 2.18968 -0.0881767 -15.7855 1.90617 0.822411 0.275583 -0.398304 0.0902123 -5.92299 -1.07847 0.0219849 -0.0523593 -0.0201059 -0.50232 -3.37674 -1.15871 -1.55902 -2.17748 -1.12135 0.688887 -0.0466872 -2.40575 -0.26866 -5.09709 2.13932 1.36759 -6.82807 2.2293 -3.51945 0.889957 -1.90715 1.488 -0.319266 2.31808 -1.06222 -0.109702 -4.62654 -0.171385 -0.0472021 -0.15323 4.38053 -0.787367 0.776726 -0.333648 3.04289 
3.31115 14.6303 -7.16938 -6.48441 -1.6246 -2.0296 0.0877874 -3.85225 -0.42365 1.45666 -0.309999 0.829039 0.135798 -4.00705 -0.403991 0.11699 -0.0791288 -0.399226 -1.73028 -3.64128 2.10757 0.610364 5.89769 -0.665775 -3.35409 -0.0408772 2.44151 0.103806 1.64833 -3.95683 -2.37631 8.71874 0.685 -1.3267 -2.10556 2.52553 2.24446 0.199971 -0.274027 -0.370107 0.0757932 -1.98348 -0.0574547 -0.0557145 0.0492137 -0.345205 2.60761 -2.22741 2.75146 -2.9478 
-0.408717 4.57596 2.47665 2.71948 3.66759 2.51893 -0.318926 1.82888 -1.52291 1.5442 -0.409925 3.07506 -0.0443208 0.511937 0.554422 -0.0455513 -0.0848368 -3.32348 -0.473 -0.958569 -3.19208 0.926995 -5.54955 2.18562 -1.10284 0.0920248 1.73027 0.06784 2.57959 -1.56581 4.55245 -2.2815 -0.766311 1.13896 0.414384 -1.58014 2.59219 0.198551 -0.673766 -0.862244 0.145223 -2.91778 0.0733242 -0.0791914 0.0789361 0.111027 1.77099 1.53116 0.510861 -0.176488 
-1.30351 1.81776 1.21492 -0.259363 0.514142 0.310718 -0.117991 -0.114057 -1.76017 -0.588444 0.0973252 0.0568534 0.12753 0.0926428 -0.75802 0.187206 -0.352006 -0.0585717 1.0797 -0.500576 0.315063 0.590185 16.1051 0.142885 0.02976 -0.0338948 -1.11364 0.0575142 2.00959 0.739028 0.2865 -6.50989 0.852218 0.769143 -0.113021 -0.935134 0.543324 -0.120583 -6.94271 -0.517603 -0.272184 0.819315 0.0679569 -0.19771 0.0102447 0.99684 0.913551 0.0476043 0.650882 2.78521 
-0.484965 -0.0869849 -1.95982 -2.00456 -3.20239 -0.262118 -0.0707016 -0.902212 -1.93079 -0.815322 1.90071 -0.644238 -0.0986125 0.655837 0.479898 -0.0331189 -0.300167 0.262372 -3.10118 0.0949379 1.63608 0.447212 -4.14698 2.68036 -0.784706 -0.275047 1.94496 -0.170327 -1.08863 -0.330222 3.50424 -8.54014 1.87358 5.98826 0.331467 0.685298 -0.354158 -0.166672 1.65006 -1.12804 -0.189825 0.701018 -0.207941 -0.0939648 -0.170512 0.135497 0.492118 -4.19785 -1.10795 3.37318 
-0.14364 -0.22654 0.0838226 0.0239125 0.111464 0.311114 -0.039964 0.0848139 -0.226159 -0.321228 -0.085594 0.0167868 -0.182263 -0.315996 -0.16643 0.0244431 -0.0179836 -0.156697 -0.20812 -0.168318 0.124504 -0.0394853 -0.0181036 0.109756 -0.0291624 -0.145904 -0.0817831 -0.0612789 0.250876 0.0181434 0.101191 0.0316703 -0.0241238 0.0176584 0.254945 0.0824585 0.153636 -0.00171127 0.173783 0.0156474 0.113332 0.213427 0.115183 0.139819 0.0157023 -0.261363 -0.0145904 0.110657 -0.139446 -0.12588 
1.53045 -0.62867 2.87455 1.87387 2.59918 -1.95339 -0.0651658 4.49323 -0.300894 0.853381 -0.846274 2.73353 -0.0592209 -0.673346 0.625675 0.0406955 0.111847 0.481205 -0.235449 -0.569845 -1.90459 3.52237 -2.35582 3.67152 -2.14708 -0.0523245 0.935539 0.00939256 -11.0884 6.92156 -0.0126399 2.87748 -0.275904 3.58516 1.21246 0.00301993 1.81723 -0.0556909 0.20542 0.387497 -0.278475 2.77924 0.165146 -0.000383469 0.0383995 0.800039 -0.318357 -3.7977 -2.29379 -0.427584 
-0.529638 2.25879 -0.0816309 0.135312 -1.17867 -1.16614 -0.0270841 4.6715 -2.47489 -0.5877 -0.0163981 -1.36128 -0.267811 -1.03993 -1.41908 -0.0215154 -0.277968 -3.89088 0.385795 0.726493 -0.0890275 -0.199095 -0.715698 0.561778 1.96312 -0.38892 -0.610356 -0.120888 4.90542 -1.6212 -0.510706 0.679404 1.31306 1.0431 -1.62097 1.24551 -0.204224 -0.0567082 -0.629162 -3.59184 -0.577604 -0.0878007 -0.189774 -0.0861259 -0.184716 -1.27585 -0.318845 -2.80597 -1.57895 -1.06412 
0.349871 4.50139 1.22489 1.21784 -4.51021 1.41896 -0.0441692 1.70158 1.39488 -1.11983 -3.25417 -0.786701 -0.339854 -3.64294 3.17271 0.112914 -0.176029 -7.5572 0.575893 2.03931 -0.173867 -0.372645 4.55393 1.66624 -2.42583 0.111725 -1.39106 -0.0974461 0.328803 -6.13889 2.45178 -8.60617 1.33022 6.66694 -0.928731 -3.15954 -4.11142 0.224039 0.153963 1.24886 0.19421 -1.96737 -0.148389 -0.099609 0.157032 4.05957 1.17421 1.77113 3.47653 -1.55846 
-0.594731 1.01643 0.20324 1.05845 1.21489 -1.70183 -0.312475 -1.81464 1.34736 0.404335 -0.650195 -0.35884 -0.268859 -2.04007 -1.01124 0.0477846 0.140242 1.59107 -2.35211 -0.00745076 -0.0751781 -0.563367 2.8871 3.48187 -0.672122 0.149647 -1.05764 -0.159751 2.57095 -0.12075 0.100138 -0.0628041 2.27727 4.94288 -0.0508333 -0.372279 1.20173 -0.218381 0.077512 -1.31194 0.0716274 -1.11034 -0.200441 -0.101675 -0.084904 0.127923 1.1197 0.167558 0.015346 0.722861 
1.42236 -5.1557 -1.89395 0.456203 -0.0406488 0.543917 -0.107934 1.81657 0.44693 1.89085 -0.265525 1.4792 0.128627 1.80777 0.617511 -0.021882 0.0534707 -1.63309 -0.445469 -1.27703 -0.282551 -2.69445 -1.16125 -0.288254 0.50568 -0.0653177 1.35409 0.17483 1.71883 -1.3486 1.08844 2.37719 1.13272 -1.40992 -0.34118 0.88893 0.757355 0.000296698 0.103544 0.129942 0.0750883 -1.58527 -0.176956 -0.041109 -0.139258 0.107224 2.38864 1.28587 3.10197 -0.573918 
1.18706 -2.60472 -0.120701 0.173595 -3.23518 0.0832919 -0.135228 1.98964 -3.46821 -0.436928 -0.80971 -15.5656 0.0717317 1.78536 -2.47861 -0.116828 -0.156642 -1.10847 -0.633698 0.298997 -0.0754029 0.953394 -0.422418 2.4203 -5.78771 0.0642298 0.37967 0.149487 0.647076 -7.62334 3.75321 1.7304 -1.18384 2.87106 -1.34953 -0.598679 1.83852 -0.182643 -0.671339 -5.81241 -0.0371084 -0.611543 0.00808888 0.144357 0.224432 -1.38271 -0.393629 -1.99645 -1.19471 -0.764774 
-1.11804 8.30879 0.886042 1.66066 0.603064 -1.32138 0.0752395 6.25647 0.713335 1.02259 -0.192565 -2.17047 -0.0271383 -1.51811 1.27935 -0.1117 -0.0886692 -3.76758 -2.45991 0.753225 0.42395 -11.1169 0.751586 1.00142 2.99535 -0.126742 -0.413828 -0.0061527 -5.63879 5.44285 -0.49209 2.35429 2.41586 1.08742 -3.70052 2.37309 -7.82411 -0.17711 -1.37167 0.947451 -0.148784 -1.52517 0.175134 -0.0315969 -0.00148335 4.56181 2.17041 0.607628 0.999284 4.64095 
-0.656194 -1.69823 -0.524742 0.738106 -2.91081 -0.114385 -0.165649 1.51519 0.310464 0.130782 -0.0847068 -1.15965 -0.163344 5.03937 2.2894 0.00469529 -0.111281 0.0138012 -0.121417 -0.0436412 -0.468576 0.721046 0.448388 -0.468384 3.904 0.332961 1.4939 0.0731094 -0.683652 -0.219611 -0.780427 5.29199 -0.984605 1.59786 -0.734963 0.657108 -0.989213 -0.0439808 0.792205 6.47406 0.092232 0.783429 -0.0123294 0.0141434 -0.0499093 5.43423 0.318339 -0.560989 0.189574 -1.00771 
0.370808 1.03736 0.683815 -2.09051 -0.602871 -1.58179 -0.126883 -3.22196 0.554123 -0.643486 3.04134 2.62347 -0.149145 -0.77266 2.08397 -0.12385 -0.279206 3.63314 -1.61144 0.582027 -1.26254 -0.84418 -0.658782 -0.886188 0.300951 -0.252849 0.968767 -0.172386 -0.837856 0.271334 3.49083 -3.83341 0.986897 -2.84866 2.55087 2.86327 4.43641 -0.132951 3.12212 4.09489 -0.151738 0.363524 -0.184546 -0.137007 -0.176843 -1.52002 4.03478 -3.31521 -0.416522 0.314996 
